0 142.204645
5 136.960538
6 131.632348
8 129.688900
10 122.774660
124 122.421924
128 119.723084
727 116.338263
729 114.622850
813 114.200689
954 110.705292
12240 110.283784
19741 109.329462
22114 102.697973
44793 97.107994
48696 94.682096
221273 84.660265
437569 75.388880
492574 73.952779
565875 73.776756
565881 72.116165
569385 71.671257
615183 71.581396
615194 70.902055
635335 68.728820
635480 66.035171
635630 62.906077
635710 62.802409
635778 60.452531
720503 60.162924
720543 59.512642
720624 58.926856
720705 58.764590
731043 58.728129
731060 57.714937
815438 56.659208
815566 56.260863
816861 54.395095
817688 52.834472
818123 51.736689
818245 50.322476
847184 49.724232
847224 48.015340
937673 47.429553
957318 46.371631
